A = [0 5 -8
    2 -9 3
    -7 -3 8];
B = [4
    -2
    9];
aug = [A,b];
